MAE: 0.6446146173109639
RMSE: 0.7777327207337322
RMSE Percentage: 586.8387561824537
Absolute Errors: [[[1.23143582 0.10606985 1.0175129  ... 1.15798358 1.18289505 1.15938234]
  [0.82185386 0.28070659 0.71434113 ... 0.79684369 0.27881884 0.79887611]
  [0.77450035 0.37819795 0.70305255 ... 0.66185572 0.42141395 0.66878069]
  [0.78835372 0.12065597 0.67297453 ... 0.58755738 0.9549689  0.59374909]
  [0.80108467 0.1365306  0.50105424 ... 0.6753292  0.70936546 0.68297597]]

 [[1.06410353 0.10311231 0.94863364 ... 1.03236316 0.2592768  1.03841908]
  [0.81623612 0.32659148 0.74605748 ... 0.70639166 0.48667129 0.71279717]
  [0.79447798 0.19131644 0.67893929 ... 0.59369338 0.98603791 0.60017328]
  [0.80245206 0.07813189 0.50261957 ... 0.6768965  0.72241463 0.6844938 ]
  [0.82849959 0.65057967 0.64346506 ... 0.70668739 0.46086489 0.7152537 ]]

 [[1.06401728 0.25268112 0.96827945 ... 0.94391617 0.63293392 0.94979257]
  [0.85333846 0.18266954 0.73500002 ... 0.65271438 1.00528764 0.65696494]
  [0.81180582 0.0321781  0.5113569  ... 0.68644588 0.75361898 0.69326683]
  [0.82942227 0.69707964 0.64454098 ... 0.70810569 0.45360632 0.71648346]
  [0.85419658 0.39145263 0.67768999 ... 0.77104782 0.71335772 0.77981385]]

 ...

 [[1.82052682 0.17109866 1.32543116 ... 1.39604712 1.23859866 1.40618672]
  [1.60100124 0.38691653 1.11141699 ... 1.19321515 0.15365756 1.2043147 ]
  [1.57062242 0.24977034 1.08517821 ... 1.13896757 1.12643709 1.15092109]
  [1.58473114 0.81516831 1.08035552 ... 1.15723232 0.28213744 1.16940931]
  [1.60621032 0.28847567 1.0998488  ... 1.18543911 0.28706531 1.1982711 ]]

 [[1.87152467 0.44122056 1.34254294 ... 1.45201482 0.06440116 1.46213406]
  [1.62885318 0.1979064  1.13852097 ... 1.19710475 1.02724212 1.20836066]
  [1.59891495 0.79362412 1.09326815 ... 1.17109964 0.24601231 1.1828793 ]
  [1.6078985  0.29030196 1.10160267 ... 1.18744475 0.28555282 1.20016188]
  [1.6348162  0.51489819 1.12292608 ... 1.19197461 0.07837906 1.20468298]]

 [[1.86681173 0.21415266 1.35385932 ... 1.42465985 1.06736469 1.43540595]
  [1.69087687 0.80933457 1.16791254 ... 1.24652139 0.20183475 1.25790015]
  [1.6235126  0.30906082 1.11403882 ... 1.19968242 0.29516039 1.21224415]
  [1.63913044 0.53003022 1.12616071 ... 1.19486651 0.08817112 1.20757827]
  [1.65867003 0.41234086 1.12211731 ... 1.05448535 0.22709528 1.06592265]]]
