MAE: 0.02205287532636634
RMSE: 0.030950755485601514
RMSE Percentage: 2.4150541261001135
Absolute Errors: [3.77054011e-02 3.26084984e-02 3.41005838e-02 3.28387867e-02
 2.44206516e-02 2.03405048e-02 5.66739963e-03 8.01769279e-05
 1.03376629e-02 9.82189445e-03 1.34057680e-02 1.18688870e-02
 1.81173638e-03 5.14187917e-03 7.91706017e-03 9.75707398e-03
 1.50956260e-03 6.69323774e-03 1.40332900e-02 2.05963850e-02
 2.15976111e-02 1.59645788e-02 5.68691507e-03 5.37813214e-03
 8.90428456e-03 2.92607050e-03 1.08082816e-02 3.00402849e-02
 5.47653106e-02 7.19584653e-02 8.44343592e-02 7.60024137e-02
 3.86217380e-02]
