MAE: 0.5414487551936005
RMSE: 0.6896905405090876
RMSE Percentage: 186.05845442365106
Absolute Errors: [[[0.95204715 0.02262443 0.88010845 ... 0.92377821 0.23664637 0.93083757]
  [0.76872723 0.1604718  0.68973609 ... 0.74851893 0.01470072 0.75775892]
  [0.75516419 0.12926899 0.68825189 ... 0.64567413 0.14228767 0.65372563]
  [0.77395425 0.04424013 0.65774447 ... 0.57342947 0.30379642 0.58047162]
  [0.79926542 0.37076052 0.49862713 ... 0.67358278 0.01174276 0.68121471]]

 [[0.98553447 0.13960132 0.89595839 ... 0.96157674 0.02814831 0.96890957]
  [0.79668407 0.05707066 0.72203616 ... 0.68261805 0.06894836 0.69128431]
  [0.7832546  0.02756573 0.66385186 ... 0.57995505 0.29151137 0.58733885]
  [0.80108151 0.36874866 0.49970973 ... 0.67464851 0.00256478 0.68234815]
  [0.82578376 0.27129049 0.64027579 ... 0.70480085 0.17837955 0.71326702]]

 [[1.01076631 0.21891068 0.92641983 ... 0.89192601 0.0595459  0.89888389]
  [0.82579605 0.02365022 0.69972611 ... 0.61760712 0.25850154 0.62538652]
  [0.80927143 0.38593691 0.50604744 ... 0.68079089 0.00704276 0.68860891]
  [0.82741747 0.27408845 0.64132102 ... 0.70592928 0.18827595 0.71445506]
  [0.85389081 0.19710473 0.67610451 ... 0.77089535 0.24349106 0.77965983]]

 ...

 [[1.74856875 0.24914287 1.27945738 ... 1.33391917 0.723102   1.34543278]
  [1.56893186 0.63088858 1.08266913 ... 1.16284599 0.09197054 1.17783266]
  [1.55872372 0.42101408 1.07195927 ... 1.1273101  0.7309741  1.14068942]
  [1.5783889  0.53510617 1.07390153 ... 1.15196137 0.61925038 1.16471115]
  [1.60410211 0.07708986 1.09737676 ... 1.18388862 0.2042215  1.19669616]]

 [[1.78200457 0.17986817 1.28566145 ... 1.3707452  0.03706891 1.3825376 ]
  [1.59878597 0.40767091 1.10908885 ... 1.1637193  0.6113722  1.17909454]
  [1.58616379 0.53554732 1.07949078 ... 1.15792034 0.55912493 1.17150799]
  [1.6059818  0.1146592  1.09831154 ... 1.18490547 0.20858116 1.19798732]
  [1.63152608 0.15882833 1.11790552 ... 1.18797014 0.06620499 1.20106355]]

 [[1.80243633 0.11133581 1.30999381 ... 1.36794096 0.60826668 1.3797863 ]
  [1.62415174 0.44692401 1.11476135 ... 1.19368617 0.34099035 1.20893434]
  [1.61342767 0.1197931  1.10350561 ... 1.19042045 0.26709555 1.204202  ]
  [1.63363925 0.12725497 1.11887511 ... 1.18906662 0.03250506 1.20238748]
  [1.66085604 0.50138388 1.12116024 ... 1.05504522 0.07550469 1.06623402]]]
