MAE: 0.5445968092455191
RMSE: 0.6951980007990026
RMSE Percentage: 377.40980965279715
Absolute Errors: [[[0.96522205 0.10334692 0.88748197 ... 0.92834667 0.38184406 0.93548161]
  [0.77125112 0.0971925  0.69767555 ... 0.75328557 0.1665033  0.76138128]
  [0.75609485 0.12534814 0.69081727 ... 0.64786544 0.02323493 0.65526844]
  [0.77393106 0.154719   0.65833462 ... 0.57372296 0.28315748 0.58055739]
  [0.79872808 0.16547631 0.49888928 ... 0.67340027 0.14783018 0.6810266 ]]

 [[0.99402778 0.13650743 0.91051522 ... 0.96733103 0.06306522 0.97536439]
  [0.79936955 0.24746002 0.72961286 ... 0.68755111 0.03215519 0.69478024]
  [0.78149734 0.02896188 0.66470629 ... 0.58050949 0.27615447 0.58718662]
  [0.80015895 0.12501752 0.50025351 ... 0.67463361 0.15802591 0.68220039]
  [0.82523701 0.36821992 0.64038004 ... 0.70455647 0.34293322 0.7129563 ]]

 [[1.01622299 0.43540453 0.94069484 ... 0.89814993 0.22428169 0.90565557]
  [0.82042233 0.15031738 0.70043797 ... 0.61693216 0.30270715 0.62333862]
  [0.8069506  0.05469783 0.50697608 ... 0.68080931 0.143162   0.68818255]
  [0.82632622 0.3550914  0.64145638 ... 0.70557052 0.34173887 0.71391224]
  [0.85218725 0.31147992 0.67610469 ... 0.77009963 0.10310976 0.77875587]]

 ...

 [[1.77436636 0.34778623 1.30364756 ... 1.3545726  0.73023006 1.36720296]
  [1.58397851 0.19741328 1.09324693 ... 1.17574366 0.26271876 1.18752795]
  [1.56548361 0.01939767 1.07664348 ... 1.13277316 0.59710702 1.1448162 ]
  [1.58311025 0.7244505  1.07609695 ... 1.15429727 0.15854173 1.16659382]
  [1.60597673 0.086632   1.09813535 ... 1.18446738 0.28656942 1.19717789]]

 [[1.79360459 0.12783219 1.30038612 ... 1.38251873 0.23908897 1.39484435]
  [1.60179249 0.04655027 1.11270441 ... 1.16970229 0.6072168  1.1815146 ]
  [1.59305904 0.71959269 1.08490419 ... 1.16310445 0.17489975 1.17527047]
  [1.60842362 0.16827132 1.1001392  ... 1.18634057 0.20821436 1.19909519]
  [1.63166752 0.11755819 1.11816862 ... 1.187978   0.01733963 1.20092443]]

 [[1.8253834  0.00398289 1.33142502 ... 1.38758099 0.61436358 1.40057348]
  [1.64088038 0.49495409 1.1294896  ... 1.20598451 0.15414606 1.21763662]
  [1.61942801 0.35163559 1.10994344 ... 1.19451124 0.10529232 1.20738399]
  [1.63437185 0.0915022  1.12039604 ... 1.18962005 0.08491244 1.20257482]
  [1.65897569 0.55541313 1.12169614 ... 1.05418959 0.42588267 1.06557104]]]
