MAE: 0.00918534328771599
RMSE: 0.010140813035397036
RMSE Percentage: 0.6692742247293197
Absolute Errors: [[0.0073297 ]
 [0.00888859]
 [0.00239253]
 [0.00458808]
 [0.00686259]
 [0.01140136]
 [0.00750343]
 [0.00372926]
 [0.00732212]
 [0.00945297]
 [0.01212171]
 [0.0086843 ]
 [0.01122607]
 [0.0007943 ]
 [0.0111442 ]
 [0.01127254]
 [0.01352531]
 [0.00686852]
 [0.01679152]
 [0.01136249]
 [0.00148659]
 [0.01190216]
 [0.01153419]
 [0.01122951]
 [0.01346111]
 [0.00112372]
 [0.01300008]
 [0.00325477]
 [0.00512266]
 [0.01494548]
 [0.01144635]
 [0.01506419]
 [0.01070487]
 [0.01476441]]
