MAE: 0.5364905801975951
RMSE: 0.6870129089925529
RMSE Percentage: 246.08179238832514
Absolute Errors: [[[0.95439576 0.2814077  0.87640385 ... 0.92203847 0.30604728 0.92920429]
  [0.76602916 0.14110455 0.6890724  ... 0.74827002 0.07460926 0.75632132]
  [0.75415103 0.10125616 0.6879423  ... 0.64573976 0.0849255  0.65316386]
  [0.77387665 0.17896004 0.65753788 ... 0.57371039 0.27493788 0.58064072]
  [0.79878244 0.46964481 0.49857915 ... 0.67405515 0.07423841 0.68178149]]

 [[0.98138641 0.1032577  0.8943679  ... 0.95699839 0.15172004 0.96480388]
  [0.79468928 0.27139543 0.72245422 ... 0.68259456 0.15751028 0.68991906]
  [0.78086326 0.24006559 0.66319311 ... 0.57973034 0.24483777 0.58671389]
  [0.7999287  0.49083646 0.49954534 ... 0.67506795 0.12365162 0.68280937]
  [0.82527754 0.33591474 0.64019324 ... 0.70490772 0.2788467  0.71346115]]

 [[1.00824962 0.13423495 0.92659906 ... 0.89049461 0.18845214 0.8975792 ]
  [0.81905071 0.1589026  0.69770557 ... 0.61468894 0.23033549 0.62159834]
  [0.80633453 0.49573245 0.50518084 ... 0.68048482 0.11350416 0.68821611]
  [0.82637391 0.31066228 0.64110084 ... 0.70585007 0.25778894 0.71442394]
  [0.85206011 0.0688239  0.67587604 ... 0.77034693 0.17750514 0.77898052]]

 ...

 [[1.7553613  0.17736879 1.28056203 ... 1.33826149 0.71069255 1.34991487]
  [1.57822136 0.28075201 1.08514588 ... 1.16861691 0.18777759 1.18037515]
  [1.56057153 0.57380198 1.07177771 ... 1.12895727 0.59625515 1.14102594]
  [1.58093849 0.10698413 1.07402277 ... 1.15266816 0.15300833 1.16490487]
  [1.60499069 0.48937805 1.09727394 ... 1.18419647 0.09027088 1.19680315]]

 [[1.78721843 0.31464009 1.28655993 ... 1.37387164 0.16354453 1.38565468]
  [1.59986905 0.30482545 1.1059301  ... 1.16541535 0.62890657 1.17748968]
  [1.58867964 0.11803873 1.07934653 ... 1.1588786  0.07452284 1.17111579]
  [1.60694614 0.49771403 1.09818136 ... 1.18535215 0.15825841 1.19794184]
  [1.63178459 0.56910057 1.11755666 ... 1.1880875  0.23698705 1.20103875]]

 [[1.81011078 0.27008536 1.31081481 ... 1.37335902 0.59861436 1.38531534]
  [1.63392207 0.14898543 1.11625844 ... 1.19858579 0.02479558 1.21069494]
  [1.6151959  0.48965989 1.10380095 ... 1.19168651 0.23760697 1.2042957 ]
  [1.63328293 0.50529965 1.11860314 ... 1.18918243 0.15146651 1.20215878]
  [1.65793833 0.02437157 1.12073216 ... 1.05440596 0.54418689 1.06556258]]]
