MAE: 0.5216703754363734
RMSE: 0.6817484173837566
RMSE Percentage: 250.68397502923622
Absolute Errors: [[[0.96116953 0.10219962 0.8962389  ... 0.93271349 0.21626933 0.93992114]
  [0.76716254 0.03937707 0.69390449 ... 0.75030158 0.08964096 0.76006032]
  [0.75389121 0.17888697 0.68982116 ... 0.6464813  0.08254575 0.65439642]
  [0.77381519 0.08619968 0.65887088 ... 0.57400263 0.10450889 0.58096139]
  [0.79949478 0.09342349 0.49962945 ... 0.67411738 0.10953987 0.68177815]]

 [[0.98425792 0.10290444 0.90696916 ... 0.96275024 0.05637996 0.97052193]
  [0.79121921 0.1684724  0.72432599 ... 0.68179735 0.13754662 0.6899044 ]
  [0.78038333 0.03802408 0.66472263 ... 0.57979471 0.12244714 0.58685086]
  [0.80054877 0.09191635 0.50072105 ... 0.67501079 0.0618918  0.68270769]
  [0.82648936 0.27144946 0.64137693 ... 0.7053864  0.44649162 0.71382903]]

 [[1.00942371 0.20377772 0.93810401 ... 0.89537915 0.20367778 0.90246184]
  [0.81818549 0.17364855 0.69998819 ... 0.61520887 0.13197191 0.62223015]
  [0.80677584 0.13873841 0.50672079 ... 0.68051659 0.05159933 0.68826213]
  [0.82747683 0.27845461 0.64229496 ... 0.70622772 0.46811347 0.71469657]
  [0.85306355 0.26127479 0.67703851 ... 0.77097081 0.35230935 0.77963134]]

 ...

 [[1.75919507 0.14843724 1.29218744 ... 1.34356279 0.73473063 1.35526987]
  [1.56977711 0.17272909 1.08391141 ... 1.16472472 0.11330258 1.17744576]
  [1.55953399 0.08336704 1.07372672 ... 1.1291101  0.62609282 1.14149587]
  [1.57912609 0.42132242 1.07509887 ... 1.15312092 0.637591   1.16544041]
  [1.60464922 0.20650367 1.09821343 ... 1.18444801 0.13972649 1.19710845]]

 [[1.78674344 0.1536494  1.29724377 ... 1.37743355 0.01865832 1.38929188]
  [1.59667782 0.22633275 1.10846425 ... 1.16444486 0.59970823 1.17713819]
  [1.58579633 0.30944492 1.08075678 ... 1.15905241 0.54933325 1.17162237]
  [1.605912   0.16606088 1.09919422 ... 1.18543369 0.18959314 1.19820601]
  [1.63180193 0.25910715 1.11925521 ... 1.18883375 0.22643885 1.20173994]]

 [[1.81254146 0.23197781 1.3222043  ... 1.37711745 0.63633552 1.3891897 ]
  [1.62387756 0.2680745  1.11594861 ... 1.19525729 0.1616999  1.20797655]
  [1.61260715 0.16629921 1.10491794 ... 1.19128448 0.26189089 1.20442456]
  [1.6332759  0.19506956 1.12049147 ... 1.18992314 0.20573369 1.20293233]
  [1.65911451 0.05739943 1.12257627 ... 1.05515304 0.42170936 1.0663971 ]]]
