MAE: 0.5886400201982201
RMSE: 0.7291781000449624
RMSE Percentage: 638.2508871226877
Absolute Errors: [[[1.07573079 0.44577153 1.00040165 ... 1.01865176 0.60342212 1.0288831 ]
  [0.80247597 0.1971497  0.72341534 ... 0.78064178 0.10377579 0.78609306]
  [0.76413153 0.22756215 0.69576547 ... 0.65631267 0.13535415 0.66203297]
  [0.77715949 0.15711404 0.65996468 ... 0.57633901 0.34658868 0.58220063]
  [0.80100856 0.37297311 0.4992844  ... 0.67501663 0.44647721 0.68172379]]

 [[1.03886811 0.34440363 0.94571212 ... 1.00910257 0.16446556 1.01822705]
  [0.81567655 0.31684087 0.74614212 ... 0.71054497 0.40084813 0.71337719]
  [0.78841434 0.02918555 0.6686948  ... 0.58721734 0.30082251 0.59156881]
  [0.80355892 0.39303561 0.50094766 ... 0.67691021 0.32852522 0.68348446]
  [0.82567779 0.67184187 0.64039101 ... 0.70481921 0.34250178 0.71309112]]

 [[1.0356789  0.45516543 0.94584993 ... 0.91595104 0.3999882  0.92289043]
  [0.83840285 0.00347792 0.70963347 ... 0.630983   0.37073297 0.63492487]
  [0.81299773 0.35036098 0.50777418 ... 0.68435859 0.30479918 0.69068368]
  [0.82724747 0.61111144 0.64137252 ... 0.70595759 0.34964319 0.71415179]
  [0.85237345 0.30508288 0.67593958 ... 0.77015423 0.49782097 0.77866187]]

 ...

 [[1.83069674 0.37197737 1.34796469 ... 1.41193158 0.9161025  1.42561736]
  [1.60875086 0.36300312 1.12483703 ... 1.21330173 0.05933959 1.22065973]
  [1.56538669 0.26013493 1.07951499 ... 1.13774979 0.73891291 1.14770762]
  [1.57972804 0.87022622 1.07512331 ... 1.1540312  0.36603733 1.16571859]
  [1.60366091 0.33024461 1.0974738  ... 1.18408114 0.05173689 1.196612  ]]

 [[1.84214071 0.16389544 1.33783554 ... 1.4265876  0.05416358 1.43989121]
  [1.63271502 0.16205352 1.14402945 ... 1.20810252 0.67360201 1.2136846 ]
  [1.59562913 0.8087122  1.08756065 ... 1.16988204 0.3402149  1.17970571]
  [1.60621759 0.32546825 1.09928345 ... 1.18658799 0.10242057 1.19873059]
  [1.63107297 0.23377041 1.11829897 ... 1.18833164 0.15678259 1.20100639]]

 [[1.88249246 0.02177077 1.3783759  ... 1.44604891 0.81995704 1.4602081 ]
  [1.68230531 0.92831402 1.17664969 ... 1.26196734 0.12755815 1.26881591]
  [1.62091509 0.27505918 1.11344444 ... 1.20291913 0.15764001 1.21388376]
  [1.63411447 0.27435641 1.12074485 ... 1.19129768 0.37190225 1.20365075]
  [1.65756491 0.4984209  1.12104479 ... 1.05410513 0.57510501 1.06518337]]]
